5
4
43
2
2
2
2
2
2
2
2
2
2
2
2
2
2
2
2
2
2
2
2
2
0
0
0
0
0
0
0
0
0
0
0
0
0
0
0
0
0
0
2
2
0
0
0
0
0
0
0
0
0
0
0
0
0
0
0
0
0
0
2
2
0
0
0
0
0
0
0
0
0
0
0
0
0
0
0
0
0
0
2
2
0
0
0
0
0
0
0
0
0
0
0
0
0
0
0
0
0
0
2
2
0
0
0
0
0
0
2
0
0
0
0
0
3
0
0
0
0
0
2
2
0
0
0
2
0
0
0
0
2
0
0
0
0
0
0
2
0
0
2
2
0
0
0
0
0
0
0
0
0
0
0
0
0
0
1
0
0
0
2
2
0
0
0
0
0
0
0
0
0
0
0
0
0
0
1
0
0
0
2
2
0
0
0
0
0
0
0
0
0
0
0
0
2
0
1
0
0
0
2
2
0
0
0
2
0
0
0
0
0
0
0
0
0
0
1
0
0
0
2
2
0
0
0
0
0
0
0
0
0
0
2
0
0
0
1
0
0
0
2
2
0
0
0
0
0
0
0
0
0
0
0
0
0
0
0
0
0
0
2
2
0
2
0
0
0
0
0
0
0
0
0
0
0
0
0
0
0
0
2
2
0
0
0
0
0
0
0
0
0
0
0
0
0
0
0
0
0
0
2
2
0
2
0
0
0
0
0
0
0
0
0
0
2
0
0
0
0
0
2
2
0
0
0
0
0
0
0
0
0
0
0
0
0
0
0
0
0
0
2
2
0
0
0
0
0
0
0
0
0
0
0
0
0
0
0
0
0
0
2
2
0
0
0
0
0
0
0
0
0
0
0
0
0
0
0
0
0
0
2
2
2
2
2
2
2
2
2
2
2
2
2
2
2
2
2
2
2
2
2
11
15
10
15
9
15
8
15
7
15